1012539050080337941
1024642484614987789
1038796511493750795
1046670078084382728
1055730648611815430
1062224095426379782
1063682517686550547
1073121588515176452
1087059205090705422
1108821056153452578
1121428643831087110
1146417211087257607
1162085840889839631
1162365540585439237
1199690034731548673
1200776749596540929
1204763278970978316
1229344513269432342
1229426289690017794
1235580635993604102
1240245925931122688
319203196079702016
320768038095814656
811048164130816000
811063844418879488
811090753915715585
811107951191261184
811156302913863681
811634249445670912
811669348862132226
811674547978764289
811704153003786240
811708513230258177
811708622819033089
811798333164093440
811807381750022145
811904243144327171
811951314077483010
812004498024169473
812019901005824002
812081799814447105
812123278570160133
812131523548413954
812137967001796609
812299088912449536
812308293425823745
812359683871342593
812363203894837249
812399984845520898
812409874976604162
812409993763487746
812442210153791488
812444058210271233
812444861843111937
812446025154297857
812447323916337153
812460957874782208
812479202690334720
812512170364370944
812527484540026881
812551819786977281
812552417538211840
812585024850231297
812594885784764417
812605292532465664
812640423406206978
812648309872132100
812670601612230656
812672948488896513
812678098888687617
812690164420706304
812691971565944833
812702424631345153
812711103166414849
812718310406750209
812729779584237570
812730806584737792
812757682971738112
812997055516508165
813014737586487299
813045389795000323
813052543012700160
813115979792908288
813125184394362881
813130185934110720
813179828818673665
813218937989758976
813224095456952320
813233986502393859
813288340915748864
813316002858139649
813346254703558658
813348287997280257
814541065410314241
814560868237836288
814667397339283457
814691760067313666
814699838087102465
814715809770242049
817363104374456324
817398481818746881
817400407599874049
817400918164111361
817402146117910530
817404783743729665
817405286871465984
817405931045257216
867745083875656145
867745621354742361
867746533615862235
867746722401485710
867746754064285789
867747211406999692
867747320999969116
867749020099936512
867749360790667780
867749664370197308
867750313874948107
867750615395074879
867750996569228106
867751508098155338
867751529157755750
867752246366962376
867752335059714374
867752511627330016
867752645832474902
867753046724051226
867753636627743298
867753946121240643
867754156306203389
867754860676645598
867754938682310783
867756346018103822
867756383351603747
867756458660332261
867756516327817361
867756668417474808
867757263308194714
867757458808897767
867758850516713786
867758881269350897
867758901527838724
867759171204809268
867759455570231736
867759472146121256
867759498054337360
867760806379389713
867762874762658231
867762886091473144
867763386249642863
867763611869643246
867763911615578329
867763970717516162
867765404510978127
867765719561929681
867766532187357341
867767383333273980
867767689039315299
867768599207478048
867768896369722007
867768984823399355
867769085973234511
867769143422616101
867769177618776098
867769195310351284
867769444170990474
867769453641728780
867769538161148855
867769776158539999
867769970203820391
867770121626583165
867770462376034596
867770655649562710
867770691846406847
867770834159141348
867771091932677009
867771169091093004
867771829828190617
867771972283531351
867772957169025180
867773104561062088
867774043820917444
867791146489741497
878814304638337344
884073193298461326
936686549871886617
954999586215165953
956801500166750211
966036140945571855
966036140945572241
989776021517500439
